0.001 9.990010007277335e+41
0.026615384615384617 1.0883237705409452e+22
0.05223076923076923 8.45475718850943e+17
0.07784615384615384 3095414790418705.5
0.10346153846153847 56457134008580.74
0.1290769230769231 2500573783382.58
0.15469230769230768 194737792333.98007
0.1803076923076923 22427103054.407
0.20592307692307693 3443422067.484398
0.23153846153846155 659168957.8764814
0.2571538461538462 150273643.19469625
0.2827692307692308 39484237.58520833
0.30838461538461537 11670807.427710032
0.334 3809939.0370459803
0.3596153846153846 1354128.8032139998
0.38523076923076927 518097.2580225244
0.41084615384615386 211463.24974135988
0.43646153846153846 91401.5573162592
0.4620769230769231 41591.07140758058
0.4876923076923077 19829.62800302297
0.5133076923076924 9869.053408551415
0.538923076923077 5112.749813088615
0.5645384615384615 2751.6063695576954
0.5901538461538461 1536.5414127201739
0.6157692307692307 889.8391318967122
0.6413846153846154 534.4817336970794
0.667 333.1467660858858
0.6926153846153846 215.63101683461022
0.7182307692307692 144.99950583818955
0.7438461538461538 101.29098947384216
0.7694615384615385 73.4414836494396
0.7950769230769231 55.1701470317653
0.8206923076923077 42.82910988634075
0.8463076923076923 34.252311642173545
0.8719230769230769 28.125172890770703
0.8975384615384616 23.632209635505934
0.9231538461538462 20.256228613263442
0.9487692307692308 17.6618311281754
0.9743846153846154 15.626642557862157
1.0 13.999999992196422
